(0,7285.75) (1,7184.19) (2,7099.34) (3,6979.97) (4,6864.81) 
(5,6767.94) (6,6676.22) (7,6579.97) (8,6473.47) (9,6345.66) 
(10,6250.34) (11,6133) (12,6049) (13,5963.22) (14,5858.69) 
(15,5776.81) (16,5697.28) (17,5592.03) (18,5517.22) (19,5428.03) 
(20,5355.31) (21,5294.63) (22,5224.47) (23,5147.78) (24,5086.38) 
(25,5032.69) (26,4964.09) (27,4893.31) (28,4821.44) (29,4764.72) 
(30,4710.03) (31,4642.06) (32,4577.28) (33,4514.94) (34,4470.56) 
(35,4417.28) (36,4351.66) (37,4299.94) (38,4253.53) (39,4198.34) 
(40,4150.44) (41,4112.38) (42,4073.84) (43,4046.97) (44,4012.56) 
(45,3977.72) (46,3936.78) (47,3880.84) (48,3833.75) (49,3795) 
(50,3754.47) (51,3717.28) (52,3598.66) (53,3405.53) (54,3262.47) 
(55,3115.06) (56,2952.09) (57,2800.22) (58,2640.53) (59,2470.38) 
(60,2245.41) (61,2095.56) (62,1963.69) (63,1819.97) (64,1684.88) 
(65,1577.56) (66,1511.38) (67,1457.41) (68,1394.13) (69,1360.63) 
(70,1330.94) (71,1298.06) (72,1268.69) (73,1252.16) (74,1230.31) 
(75,1217.97) (76,1197.16) (77,1175.44) (78,1164.66) (79,1152.88) 
(80,1132.78) (81,1124.59) (82,1116.69) (83,1100.91) (84,1090.13) 
(85,1075.38) (86,1063.19) (87,1054.38) (88,1041.31) (89,1026.16) 
(90,1017.88) (91,1001.63) (92,989.031) (93,970.219) (94,956.781) 
(95,945.906) (96,931.75) (97,920.938) (98,909.969) (99,901) 
(100,892.094) (101,879.188) (102,872.469) (103,868.188) (104,861.406) 
(105,857.5) (106,845.688) (107,840.688) (108,835.594) (109,830.594) 
(110,820.219) (111,811.625) (112,798.031) (113,782.625) (114,776.531) 
(115,770.125) (116,758.844) (117,747) (118,732.938) (119,721.531) 
(120,713.094) (121,703.719) (122,701.938) (123,698.125) (124,693.531) 

(0,16523.8) (1,16402) (2,16258.2) (3,16113.1) (4,15977.4) 
(5,15781) (6,15587.9) (7,15413.2) (8,15252.4) (9,15158.1) 
(10,15031) (11,14916.4) (12,14773.8) (13,14642.1) (14,14502.1) 
(15,14378.2) (16,14246.9) (17,14127.5) (18,14011.9) (19,13907.3) 
(20,13780.4) (21,13675.9) (22,13578.8) (23,13487.8) (24,13414.2) 
(25,13320.8) (26,13226.2) (27,13129.6) (28,13046.6) (29,12966.9) 
(30,12888.5) (31,12813.8) (32,12725.6) (33,12647.2) (34,12572.3) 
(35,12502.5) (36,12419.2) (37,12332.1) (38,12267.3) (39,12194.5) 
(40,12140.6) (41,12061.4) (42,11999.5) (43,11923) (44,11853.3) 
(45,11788.8) (46,11724.6) (47,11670.3) (48,11598.7) (49,11525.9) 
(50,11466.3) (51,11401.5) (52,11219.9) (53,10947.2) (54,10696.6) 
(55,10408.3) (56,10107.5) (57,9812.75) (58,9467.47) (59,9128.09) 
(60,8781.25) (61,8449.38) (62,8104.19) (63,7729.5) (64,7404.19) 
(65,7018.88) (66,6565.5) (67,6136.47) (68,5705) (69,5238.31) 
(70,4792.63) (71,4377.06) (72,4033.44) (73,3674.22) (74,3376.41) 
(75,3171.19) (76,3025.16) (77,2923.72) (78,2843.56) (79,2793.44) 
(80,2737.56) (81,2680.84) (82,2640.53) (83,2610.03) (84,2578.22) 
(85,2542.88) (86,2521.41) (87,2494.25) (88,2464.41) (89,2437.59) 
(90,2406.31) (91,2385.75) (92,2369.19) (93,2340.38) (94,2315.47) 
(95,2295.94) (96,2279.63) (97,2263.72) (98,2245.06) (99,2227.03) 
(100,2219.69) (101,2203.28) (102,2181.78) (103,2171.06) (104,2159.44) 
(105,2138.56) (106,2124.09) (107,2104.34) (108,2093) (109,2077.16) 
(110,2068.56) (111,2059.41) (112,2035) (113,2022.88) (114,2012.19) 
(115,1999.72) (116,1984.16) (117,1971.66) (118,1956.25) (119,1947.16) 
(120,1928.97) (121,1917.13) (122,1894.47) (123,1872.75) (124,1861.41) 

(0,24220.7) (1,24106.3) (2,23968) (3,23864.7) (4,23734.6) 
(5,23564.9) (6,23428.8) (7,23304.7) (8,23159.4) (9,22996.9) 
(10,22828.8) (11,22651.6) (12,22491.3) (13,22318.6) (14,22157.8) 
(15,22046.6) (16,21907.3) (17,21792) (18,21675.7) (19,21527.5) 
(20,21393.6) (21,21256.1) (22,21149.6) (23,21039.5) (24,20918.7) 
(25,20786.8) (26,20657.9) (27,20543.3) (28,20429.7) (29,20315.3) 
(30,20193.7) (31,20088.4) (32,20011.1) (33,19899.4) (34,19788.6) 
(35,19675.6) (36,19576.9) (37,19490.3) (38,19395.6) (39,19317.9) 
(40,19239.9) (41,19137.7) (42,19058) (43,18958.1) (44,18866.7) 
(45,18760.3) (46,18675.7) (47,18597.1) (48,18509.3) (49,18418.5) 
(50,18315.3) (51,18226.2) (52,18010.2) (53,17640.3) (54,17353.8) 
(55,17017) (56,16621.8) (57,16237.3) (58,15869.9) (59,15459.5) 
(60,14961.9) (61,14565) (62,14107.9) (63,13632.7) (64,13154.5) 
(65,12648.9) (66,12154.1) (67,11565.1) (68,10944.9) (69,10265.6) 
(70,9655.25) (71,9044.38) (72,8372.78) (73,7658.25) (74,6958.56) 
(75,6241) (76,5643.75) (77,5051.34) (78,4483.91) (79,3928.69) 
(80,3522.34) (81,3196.59) (82,3035.59) (83,2934.28) (84,2863.41) 
(85,2799.59) (86,2741.97) (87,2704.19) (88,2666.41) (89,2626.81) 
(90,2609.97) (91,2571.59) (92,2543.13) (93,2522.56) (94,2498.53) 
(95,2473.63) (96,2459.38) (97,2442.13) (98,2431.5) (99,2418.09) 
(100,2405.69) (101,2399.34) (102,2387.22) (103,2373.88) (104,2359.88) 
(105,2341.44) (106,2330.38) (107,2318.97) (108,2311.56) (109,2303.13) 
(110,2289.66) (111,2286.38) (112,2274.22) (113,2256.47) (114,2249.44) 
(115,2234.97) (116,2224.06) (117,2206.66) (118,2195.56) (119,2189.44) 
(120,2175.22) (121,2163.44) (122,2150.41) (123,2135.63) (124,2127.84) 

(0,7122.88) (1,6973.25) (2,6795.75) (3,6629.28) (4,6498.66) 
(5,6321.63) (6,6149.09) (7,5970.31) (8,5816.06) (9,5658.41) 
(10,5509.28) (11,5388.09) (12,5246.97) (13,5111.19) (14,4987.16) 
(15,4857.53) (16,4745.88) (17,4631.72) (18,4513.47) (19,4415.91) 
(20,4313.06) (21,4226.03) (22,4115.78) (23,4012.41) (24,3912.91) 
(25,3841.78) (26,3776.63) (27,3690.28) (28,3613.81) (29,3536) 
(30,3473.75) (31,3411.44) (32,3341.91) (33,3272.13) (34,3202.38) 
(35,3151.59) (36,3086.81) (37,3032.38) (38,2977.5) (39,2920.31) 
(40,2866) (41,2807.91) (42,2755.41) (43,2704.19) (44,2650.91) 
(45,2598.28) (46,2547.5) (47,2505.19) (48,2462.94) (49,2419.75) 
(50,2377.25) (51,2331.78) (52,2209.03) (53,2005.88) (54,1861.53) 
(55,1713.84) (56,1552.56) (57,1401.66) (58,1282.75) (59,1151.25) 
(60,1030.06) (61,921.094) (62,839.219) (63,768.844) (64,728.281) 
(65,698.125) (66,676.594) (67,652.344) (68,639.438) (69,626.156) 
(70,614.063) (71,601.875) (72,592.156) (73,573.625) (74,560.313) 
(75,553.969) (76,545.719) (77,538.594) (78,534.063) (79,524.594) 
(80,517.781) (81,511.906) (82,502.938) (83,499.656) (84,492.375) 
(85,487.969) (86,482.188) (87,479.813) (88,477) (89,471.75) 
(90,469.188) (91,466.281) (92,463.625) (93,460.5) (94,458.094) 
(95,456.438) (96,453.219) (97,449.688) (98,447.188) (99,445.938) 
(100,444.844) (101,443.781) (102,441.75) (103,439.25) (104,437.938) 
(105,437.625) (106,436.531) (107,435.125) (108,434.656) (109,433.094) 
(110,431.844) (111,430.688) (112,430.219) (113,429.906) (114,429.031) 
(115,427.938) (116,427.156) (117,426.688) (118,426.219) (119,426.219) 
(120,425.438) (121,425.281) (122,425.125) (123,424.156) (124,423.063) 

(0,16574) (1,16303.3) (2,16053.3) (3,15891.7) (4,15644.1) 
(5,15466.4) (6,15218.9) (7,14969.3) (8,14705.3) (9,14467.7) 
(10,14208.8) (11,13952.1) (12,13746.6) (13,13537.6) (14,13325.2) 
(15,13125.8) (16,12944.3) (17,12735.8) (18,12567) (19,12412.2) 
(20,12229.7) (21,12074.7) (22,11899.8) (23,11692) (24,11539.5) 
(25,11394) (26,11267.1) (27,11108.2) (28,10974.9) (29,10836.1) 
(30,10722.5) (31,10559.6) (32,10409.2) (33,10276.4) (34,10142) 
(35,10026.7) (36,9893.13) (37,9768.91) (38,9647.91) (39,9498.69) 
(40,9393.72) (41,9280.94) (42,9177.91) (43,9073) (44,8993.84) 
(45,8904.44) (46,8793.66) (47,8704.75) (48,8618.44) (49,8529.03) 
(50,8437.06) (51,8333.41) (52,8077.81) (53,7647.03) (54,7332.59) 
(55,6983.56) (56,6555.63) (57,6206.28) (58,5893.34) (59,5530.75) 
(60,5173.06) (61,4822.31) (62,4484.06) (63,4180.69) (64,3847.22) 
(65,3531.66) (66,3241.31) (67,2966.47) (68,2737.16) (69,2503.5) 
(70,2308.78) (71,2080.78) (72,1889.69) (73,1699.72) (74,1590.31) 
(75,1524.84) (76,1480.25) (77,1460.84) (78,1445.06) (79,1432.31) 
(80,1415.16) (81,1408.75) (82,1398.78) (83,1390.22) (84,1380.06) 
(85,1374.22) (86,1367.97) (87,1360.75) (88,1356) (89,1348.72) 
(90,1344.19) (91,1338.84) (92,1333.44) (93,1323.44) (94,1318.41) 
(95,1316.38) (96,1313.72) (97,1308.72) (98,1302.69) (99,1300.09) 
(100,1297.28) (101,1292.72) (102,1292) (103,1289.66) (104,1286.94) 
(105,1281.63) (106,1276.31) (107,1272.28) (108,1267.66) (109,1262.66) 
(110,1258.16) (111,1254.22) (112,1249.41) (113,1246.28) (114,1244.25) 
(115,1242.91) (116,1241.59) (117,1238.16) (118,1237.47) (119,1234.59) 
(120,1230.75) (121,1227.19) (122,1223.38) (123,1221.97) (124,1219.72) 

(0,24208.9) (1,23981.2) (2,23801.8) (3,23628.8) (4,23388.3) 
(5,23181) (6,22974.9) (7,22721.8) (8,22520.3) (9,22286) 
(10,22036.3) (11,21835) (12,21655.3) (13,21457.4) (14,21256) 
(15,21008.6) (16,20804.8) (17,20606.2) (18,20414.5) (19,20203.3) 
(20,20025.2) (21,19821.5) (22,19622.1) (23,19449.1) (24,19286.8) 
(25,19111.3) (26,18919.2) (27,18727.6) (28,18546.3) (29,18391.5) 
(30,18251) (31,18117.6) (32,17948.1) (33,17788.4) (34,17600.5) 
(35,17443.3) (36,17284.3) (37,17122.3) (38,16996.1) (39,16859.9) 
(40,16702.9) (41,16574.3) (42,16440.8) (43,16313.9) (44,16203.8) 
(45,16077.2) (46,15956.2) (47,15834.1) (48,15722.9) (49,15605.1) 
(50,15450.3) (51,15334.7) (52,15021) (53,14495.8) (54,14126.3) 
(55,13645.6) (56,13113.9) (57,12610.6) (58,12112.4) (59,11554.4) 
(60,10997.8) (61,10441.1) (62,9836.59) (63,9303.31) (64,8771.88) 
(65,8191.22) (66,7608.59) (67,7032.72) (68,6492.84) (69,6000.13) 
(70,5444.31) (71,4944.22) (72,4476.34) (73,3952.25) (74,3508.47) 
(75,3079.53) (76,2663.16) (77,2287.19) (78,1997.84) (79,1880.5) 
(80,1836.06) (81,1815.66) (82,1795.47) (83,1779.69) (84,1766.31) 
(85,1736.53) (86,1716.34) (87,1702.09) (88,1676.66) (89,1657.78) 
(90,1639.81) (91,1611.5) (92,1593.53) (93,1564.63) (94,1535.66) 
(95,1513.09) (96,1496.75) (97,1481.47) (98,1469.22) (99,1454.75) 
(100,1440.75) (101,1430.97) (102,1419.63) (103,1406.03) (104,1393.22) 
(105,1384.75) (106,1374.72) (107,1368.75) (108,1363.38) (109,1357) 
(110,1352) (111,1347.84) (112,1343.88) (113,1339.28) (114,1333.13) 
(115,1329.19) (116,1326.97) (117,1325.06) (118,1321.69) (119,1319.03) 
(120,1317.28) (121,1314.75) (122,1311.13) (123,1305.66) (124,1303.09) 

(0,7285.75) (1,7184.19) (2,7099.34) (3,6979.97) (4,6864.81) 
(5,6767.94) (6,6676.22) (7,6579.97) (8,6473.47) (9,6345.66) 
(10,6250.34) (11,6133) (12,6049) (13,5963.22) (14,5858.69) 
(15,5776.81) (16,5697.28) (17,5592.03) (18,5517.22) (19,5428.03) 
(20,5355.31) (21,5294.63) (22,5224.47) (23,5147.78) (24,5086.38) 
(25,5032.69) (26,4964.09) (27,4893.31) (28,4821.44) (29,4764.72) 
(30,4710.03) (31,4642.06) (32,4577.28) (33,4514.94) (34,4470.56) 
(35,4417.28) (36,4351.66) (37,4283.38) (38,4081.97) (39,3758.53) 
(40,3474.28) (41,3233.78) (42,2979.81) (43,2534.59) (44,2098.16) 
(45,1831.63) (46,1638.69) (47,1523.97) (48,1415.78) (49,1307.53) 
(50,1240.13) (51,1188.19) (52,1162.25) (53,1125.63) (54,1103.66) 
(55,1077.13) (56,1056.25) (57,1041.47) (58,1026) (59,1004.34) 
(60,987.625) (61,969.813) (62,952.906) (63,939.594) (64,931.938) 
(65,917.469) (66,905.125) (67,896.469) (68,886.813) (69,878.531) 
(70,864.844) (71,859.844) (72,854.75) (73,841.156) (74,829.656) 
(75,824.5) (76,808.406) (77,804.25) (78,796.25) (79,781.969) 
(80,771.281) (81,754.75) (82,739.188) (83,725.813) (84,716.594) 
(85,711) (86,708.75) (87,699.094) (88,691.969) (89,684.844) 
(90,681.875) (91,676.5) (92,670.031) (93,663.375) (94,659) 
(95,656.188) (96,653.375) (97,650.875) (98,646.656) (99,644.344) 
(100,638) (101,632.813) (102,627) (103,621.063) (104,614.625) 
(105,611.25) (106,606.781) (107,600.594) (108,594.969) (109,588.813) 
(110,583.031) (111,578.906) (112,575.25) (113,570.344) (114,565.406) 
(115,562.25) (116,560.375) (117,553.719) (118,548.563) (119,544.75) 
(120,540.844) (121,535.844) (122,533.813) (123,530.063) (124,525.75) 

(0,16523.8) (1,16402) (2,16258.2) (3,16113.1) (4,15977.4) 
(5,15781) (6,15587.9) (7,15413.2) (8,15252.4) (9,15158.1) 
(10,15031) (11,14916.4) (12,14773.8) (13,14642.1) (14,14502.1) 
(15,14378.2) (16,14246.9) (17,14127.5) (18,14011.9) (19,13907.3) 
(20,13780.4) (21,13675.9) (22,13578.8) (23,13487.8) (24,13414.2) 
(25,13320.8) (26,13226.2) (27,13129.6) (28,13046.6) (29,12966.9) 
(30,12888.5) (31,12813.8) (32,12725.6) (33,12647.2) (34,12572.3) 
(35,12502.5) (36,12419.2) (37,12332.1) (38,12267.3) (39,12194.5) 
(40,12079.2) (41,11864.5) (42,11508.2) (43,10739) (44,10019.3) 
(45,9286.47) (46,8663.28) (47,8075.22) (48,7555.16) (49,6779.81) 
(50,6081) (51,5422.16) (52,4663.63) (53,4059.47) (54,3588.28) 
(55,3193.44) (56,2968.5) (57,2842.66) (58,2757.38) (59,2667.84) 
(60,2603.78) (61,2558.22) (62,2513.06) (63,2472.44) (64,2429.28) 
(65,2397.25) (66,2366.38) (67,2333.66) (68,2311.88) (69,2289.25) 
(70,2268.81) (71,2248.91) (72,2226.19) (73,2210.84) (74,2192.56) 
(75,2174.69) (76,2158.88) (77,2135.75) (78,2120.25) (79,2099.5) 
(80,2083.09) (81,2072) (82,2064.16) (83,2037.66) (84,2025.22) 
(85,2013.97) (86,2001.75) (87,1982.75) (88,1970.97) (89,1954.91) 
(90,1941.84) (91,1925.22) (92,1911.91) (93,1887.91) (94,1874.41) 
(95,1856.41) (96,1838.16) (97,1831.38) (98,1824.94) (99,1816.5) 
(100,1800.38) (101,1787.56) (102,1763.56) (103,1739.25) (104,1715.06) 
(105,1702.41) (106,1686.41) (107,1665.38) (108,1648.81) (109,1639.66) 
(110,1632.09) (111,1624.06) (112,1599.75) (113,1580.41) (114,1567.31) 
(115,1558.84) (116,1541.75) (117,1537.22) (118,1533.97) (119,1520.38) 
(120,1505.5) (121,1502.47) (122,1494.97) (123,1492.06) (124,1485.16) 

(0,24220.7) (1,24106.3) (2,23968) (3,23864.7) (4,23734.6) 
(5,23564.9) (6,23428.8) (7,23304.7) (8,23159.4) (9,22996.9) 
(10,22828.8) (11,22651.6) (12,22491.3) (13,22318.6) (14,22157.8) 
(15,22046.6) (16,21907.3) (17,21792) (18,21675.7) (19,21527.5) 
(20,21393.6) (21,21256.1) (22,21149.6) (23,21039.5) (24,20918.7) 
(25,20786.8) (26,20657.9) (27,20543.3) (28,20429.7) (29,20315.3) 
(30,20193.7) (31,20088.4) (32,20011.1) (33,19899.4) (34,19788.6) 
(35,19675.6) (36,19576.9) (37,19490.3) (38,19395.6) (39,19317.9) 
(40,19239.9) (41,19137.7) (42,19052.4) (43,18872.5) (44,18417.1) 
(45,17771.6) (46,17133.2) (47,16479) (48,15907.9) (49,15079.6) 
(50,14309) (51,13606.6) (52,12734.9) (53,11938.7) (54,11145.4) 
(55,10164.6) (56,9305.69) (57,8496.38) (58,7625.63) (59,6836.5) 
(60,6005.81) (61,5244.63) (62,4623.59) (63,3967.34) (64,3454.59) 
(65,3161.47) (66,3035.63) (67,2897.81) (68,2788.47) (69,2710.63) 
(70,2650) (71,2621.66) (72,2586) (73,2538.5) (74,2501.25) 
(75,2486.5) (76,2465.41) (77,2444.41) (78,2420.28) (79,2407.28) 
(80,2398.25) (81,2384.28) (82,2368.59) (83,2344.09) (84,2333.31) 
(85,2320.13) (86,2311.78) (87,2306.94) (88,2291.59) (89,2284.81) 
(90,2267.19) (91,2255.78) (92,2243.97) (93,2229.16) (94,2208.16) 
(95,2198.06) (96,2190.91) (97,2178.91) (98,2164.69) (99,2153.91) 
(100,2139.91) (101,2129.66) (102,2113.66) (103,2098.44) (104,2082) 
(105,2073.91) (106,2062.5) (107,2055.41) (108,2042.91) (109,2032.69) 
(110,2026.19) (111,2014.66) (112,2000.13) (113,1991.06) (114,1972.44) 
(115,1961.59) (116,1948.5) (117,1932.88) (118,1922.41) (119,1909.81) 
(120,1898.22) (121,1887.84) (122,1880.25) (123,1871.28) (124,1859.69) 

(0,7122.88) (1,6973.25) (2,6795.75) (3,6629.28) (4,6498.66) 
(5,6321.63) (6,6149.09) (7,5970.31) (8,5816.06) (9,5658.41) 
(10,5509.28) (11,5388.09) (12,5246.97) (13,5111.19) (14,4987.16) 
(15,4857.53) (16,4745.88) (17,4631.72) (18,4513.47) (19,4415.91) 
(20,4313.06) (21,4226.03) (22,4115.78) (23,4012.41) (24,3912.91) 
(25,3841.78) (26,3776.63) (27,3690.28) (28,3613.81) (29,3536) 
(30,3473.75) (31,3411.44) (32,3341.91) (33,3272.13) (34,3202.38) 
(35,3151.59) (36,3086.81) (37,3032.38) (38,2965) (39,2900.63) 
(40,2845.53) (41,2783.22) (42,2710.94) (43,2561.22) (44,2278.72) 
(45,2042.88) (46,1841.84) (47,1691.44) (48,1537.66) (49,1307.66) 
(50,1134.16) (51,1015.38) (52,921.594) (53,856) (54,790.125) 
(55,732.594) (56,674.156) (57,624.25) (58,598.469) (59,584.313) 
(60,559.906) (61,543.844) (62,529.406) (63,516.969) (64,506.75) 
(65,500.188) (66,489.469) (67,484.781) (68,481.344) (69,475.469) 
(70,472.406) (71,468.656) (72,464.75) (73,460.438) (74,457.063) 
(75,452.438) (76,450.25) (77,448) (78,446.625) (79,442.781) 
(80,441.844) (81,441.063) (82,438.531) (83,437.594) (84,436.813) 
(85,435.25) (86,433.531) (87,432) (88,430.938) (89,430.063) 
(90,429.75) (91,429.75) (92,429.125) (93,428.188) (94,428.031) 
(95,427.625) (96,426.531) (97,425.75) (98,425.344) (99,425.031) 
(100,424.25) (101,423.531) (102,423.125) (103,422.813) (104,422.031) 
(105,421.094) (106,420.313) (107,419.281) (108,418.344) (109,417.563) 
(110,417.094) (111,417.094) (112,415.531) (113,414.75) (114,413.969) 
(115,413.344) (116,413.188) (117,412.313) (118,411.531) (119,410.75) 
(120,410.125) (121,409.813) (122,409.813) (123,409.344) (124,408.563) 

(0,16574) (1,16303.3) (2,16053.3) (3,15891.7) (4,15644.1) 
(5,15466.4) (6,15218.9) (7,14969.3) (8,14705.3) (9,14467.7) 
(10,14208.8) (11,13952.1) (12,13746.6) (13,13537.6) (14,13325.2) 
(15,13125.8) (16,12944.3) (17,12735.8) (18,12567) (19,12412.2) 
(20,12229.7) (21,12074.7) (22,11899.8) (23,11692) (24,11539.5) 
(25,11394) (26,11267.1) (27,11108.2) (28,10974.9) (29,10836.1) 
(30,10722.5) (31,10559.6) (32,10409.2) (33,10276.4) (34,10142) 
(35,10026.7) (36,9893.13) (37,9768.91) (38,9647.91) (39,9498.69) 
(40,9393.72) (41,9280.94) (42,9177.91) (43,9073) (44,8993.84) 
(45,8904.44) (46,8793.66) (47,8694.66) (48,8596) (49,8353.31) 
(50,7804.5) (51,7242.88) (52,6525.94) (53,5910.41) (54,5389.44) 
(55,4819.44) (56,4330.5) (57,3899.91) (58,3414.69) (59,3060.88) 
(60,2720.94) (61,2410.5) (62,2117.78) (63,1827.63) (64,1634.88) 
(65,1533.28) (66,1474.88) (67,1445.34) (68,1427.34) (69,1413.59) 
(70,1397.66) (71,1385.31) (72,1375.69) (73,1372.41) (74,1361.63) 
(75,1355.84) (76,1346.38) (77,1341.56) (78,1334.38) (79,1324.53) 
(80,1317.94) (81,1314.34) (82,1311.22) (83,1305.91) (84,1301.25) 
(85,1298.22) (86,1293.81) (87,1292.47) (88,1290.28) (89,1286.94) 
(90,1281.25) (91,1274.03) (92,1269.78) (93,1264.69) (94,1261.25) 
(95,1257.44) (96,1252.22) (97,1247.44) (98,1245.81) (99,1243.63) 
(100,1241.97) (101,1239.5) (102,1236.84) (103,1233.97) (104,1231.22) 
(105,1228.59) (106,1223.69) (107,1221.97) (108,1220.81) (109,1219.09) 
(110,1216.13) (111,1215.84) (112,1214.44) (113,1213.34) (114,1210.47) 
(115,1209.06) (116,1206.56) (117,1205.47) (118,1204.69) (119,1204.22) 
(120,1204.06) (121,1203.28) (122,1202.03) (123,1201.41) (124,1200.78) 

(0,24208.9) (1,23981.2) (2,23801.8) (3,23628.8) (4,23388.3) 
(5,23181) (6,22974.9) (7,22721.8) (8,22520.3) (9,22286) 
(10,22036.3) (11,21835) (12,21655.3) (13,21457.4) (14,21256) 
(15,21008.6) (16,20804.8) (17,20606.2) (18,20414.5) (19,20203.3) 
(20,20025.2) (21,19821.5) (22,19622.1) (23,19449.1) (24,19286.8) 
(25,19111.3) (26,18919.2) (27,18727.6) (28,18546.3) (29,18391.5) 
(30,18251) (31,18117.6) (32,17948.1) (33,17788.4) (34,17600.5) 
(35,17443.3) (36,17284.3) (37,17122.3) (38,16996.1) (39,16859.9) 
(40,16702.9) (41,16574.3) (42,16440.8) (43,16313.9) (44,16203.8) 
(45,16077.2) (46,15956.2) (47,15834.1) (48,15722.9) (49,15605.1) 
(50,15450.3) (51,15334.7) (52,15128.9) (53,14592.5) (54,13764.9) 
(55,12749.2) (56,11880.8) (57,11035.3) (58,10084.6) (59,9243.09) 
(60,8411.5) (61,7532.94) (62,6819.56) (63,6154.44) (64,5479.88) 
(65,4824.47) (66,4259.09) (67,3703.72) (68,3184.47) (69,2706.09) 
(70,2265.28) (71,2023.41) (72,1923.06) (73,1853.97) (74,1813.81) 
(75,1793.19) (76,1758.69) (77,1718.22) (78,1694.94) (79,1669.34) 
(80,1641.47) (81,1615.94) (82,1587.41) (83,1555.13) (84,1525.75) 
(85,1509.13) (86,1491.53) (87,1477.5) (88,1462.19) (89,1444.38) 
(90,1434.34) (91,1419.53) (92,1406.09) (93,1394.16) (94,1384.13) 
(95,1374.28) (96,1368.13) (97,1363.41) (98,1356.78) (99,1350.69) 
(100,1345.53) (101,1341.69) (102,1335.69) (103,1330.66) (104,1328.5) 
(105,1325.56) (106,1322.22) (107,1319.69) (108,1317.91) (109,1315.78) 
(110,1311.59) (111,1306.44) (112,1302.94) (113,1299.66) (114,1298.5) 
(115,1297.72) (116,1295.03) (117,1293.72) (118,1292.31) (119,1292) 
(120,1290.72) (121,1289.94) (122,1287.84) (123,1286.88) (124,1284.94) 

